cycle StartingNumber PrimeNumber done  Candidate Register_i
    0              0         ???    1          0          0
    1             24         ???    0         24          0
    2             24         ???    0         24          1
    3             24         ???    0         24          2
    4             24         ???    0         24          3
    5             24         ???    0         24          4
    6             24         ???    0         24          5
    7             24         ???    0         24          6
    8             24         ???    0         24          7
    9             24         ???    0         24          8
   10             24         ???    0         24          9
   11             24         ???    0         24         10
   12             24         ???    0         24         11
   13             24         ???    0         24         12
   14             24         ???    0         24         13
   15             24         ???    0         24         14
   16             24         ???    0         24         15
   17             24         ???    0         24         16
   18             24         ???    0         24         17
   19             24         ???    0         24         18
   20             24         ???    0         24         19
   21             24         ???    0         24         20
   22              4         ???    0          4         21
   23              4         ???    0          4         22
   24              4         ???    0          4         23
   25              4         ???    0          4         24
   26              4         ???    0          4         25
   27              4         ???    0          4         26
   28              4         ???    0          4         27
   29              4         ???    0          4         28
   30              4         ???    0          4         29
   31              4         ???    0          4         30
   32             32         ???    0         32         31
   33             32         ???    1         32         32
   34             32         ???    1         32         32
   35             32         ???    1         32         32
   36             32         ???    1         32         32
   37             32         ???    1         32         32
   38             32         ???    1         32         32
   39             32         ???    1         32         32
   40             32         ???    1         32         32
   41             32         ???    1         32         32
   42             32         ???    1         32         32
   43             32         ???    1         32         32
   44             32         ???    1         32         32
   45             32         ???    1         32         32
   46             32         ???    1         32         32
   47             32         ???    1         32         32
   48             32         ???    1         32         32
   49             32         ???    1         32         32
   50             32         ???    1         32         32
   51             32         ???    1         32         32
   52             32         ???    1         32         32
   53             32         ???    1         32         32
   54             32         ???    1         32         32
   55             32         ???    1         32         32
   56             32         ???    1         32         32
   57             32         ???    1         32         32
   58             32         ???    1         32         32
   59             32         ???    1         32         32
   60             32         ???    1         32         32
   61             32         ???    1         32         32
   62             32         ???    1         32         32
   63             32         ???    1         32         32
   64             32         ???    1         32         32
   65             32         ???    1         32         32
   66             32         ???    1         32         32
   67             32         ???    1         32         32
   68             32         ???    1         32         32
   69             32         ???    1         32         32
   70             32         ???    1         32         32
   71             32         ???    1         32         32
   72             32         ???    1         32         32
   73             32         ???    1         32         32
   74             32         ???    1         32         32
   75             32         ???    1         32         32
   76             32         ???    1         32         32
   77             32         ???    1         32         32
   78             32         ???    1         32         32
   79             32         ???    1         32         32
   80           8216         ???    0       8216         32
   81             24         ???    0         24         33
   82           8216         ???    0       8216         34
   83             24         ???    0         24         35
   84           8216         ???    0       8216         36
   85             24         ???    0         24         37
   86              6         ???    0          6         38
   87              6         ???    0          6         39
   88              6         ???    0          6         40
   89              6         ???    0          6         41
   90              6         ???    0          6         42
   91              6         ???    0          6         43
   92              6         ???    0          6         44
   93              6         ???    0          6         45
   94              6         ???    0          6         46
   95              6         ???    0          6         47
   96              0         ???    0          0         48
   97              0         ???    0          0         49
   98              0         ???    0          0         50
   99              0         ???    0          0         51
  100              0         ???    0          0         52
  101              0         ???    0          0         53
  102              0         ???    0          0         54
  103              0         ???    0          0         55
  104              0         ???    0          0         56
  105              0         ???    0          0         57
  106              0         ???    0          0         58
  107              0         ???    0          0         59
  108              0         ???    0          0         60
  109              0         ???    0          0         61
  110              0         ???    0          0         62
  111              0         ???    0          0         63
  112              0         ???    0          0         64
  113              0         ???    0          0         65
  114              0         ???    0          0         66
  115              0         ???    0          0         67
  116              0         ???    0          0         68
  117              0         ???    0          0         69
  118              0         ???    0          0         70
  119              0         ???    0          0         71
  120              0         ???    0          0         72
  121              0         ???    0          0         73
  122              0         ???    0          0         74
  123              0         ???    0          0         75
  124              0         ???    0          0         76
  125              0         ???    0          0         77
  126              0         ???    0          0         78
  127              0         ???    0          0         79
