cycle seed reseed update rand expected ok
   00 0000      0      0 0000     0000  1
   01 0000      0      0 0000     0000  1
   02 1234      1      0 0000     0000  1
   03 0000      0      0 1234     1234  1
   04 0000      0      0 1234     1234  1
   05 0000      0      1 1234     1234  1
   06 0000      0      0 0024     4b5a  0
   07 0000      0      1 0024     4b5a  0
   08 0000      0      1 0000     2ddb  0
   09 0000      0      1 0000     36b9  0
   0a ffff      0      0 0000     b291  0
   0b 7777      0      1 0000     b291  0
   0c 0000      0      0 0000     6bf6  0
   0d 0000      0      0 0000     6bf6  0
   0e abcd      1      0 0000     6bf6  0
   0f 0000      0      1 abcd     abcd  1
   10 0000      0      1 ff57     b182  0
   11 0000      0      1 fffe     1106  0
   12 0000      0      0 ffff     21cc  0
   13 0000      0      0 ffff     21cc  0
   14 cafe      1      1 ffff     21cc  0
   15 0000      0      1 cafe     cafe  1
   16 0000      0      1 ff95     f9d4  0
   17 0000      0      1 ffff     2617  0
   18 0000      0      0 ffff     aad6  0
   19 0000      0      0 ffff     aad6  0
   1a 1234      1      0 ffff     aad6  0
   1b 0000      0      1 1234     1234  1
   1c 0000      0      1 0024     4b5a  0
   1d 0000      0      1 0000     2ddb  0
   1e 0000      0      1 0000     36b9  0
   1f 0000      0      0 0000     b291  0
